odds=1:2:100